138,118.5,38,59
137,118.5,38,59
133.492,114.509,46.5386,72.2573
133.492,114.509,46.5386,72.2573
132.268,115.734,46.5386,72.2573
133.492,114.509,46.5386,72.2573
133.492,114.509,46.5386,72.2573
133.492,115.734,46.5386,72.2573
133.492,115.734,46.5386,72.2573
133.492,115.734,46.5386,72.2573
133.492,115.734,46.5386,72.2573
133.492,115.734,46.5386,72.2573
133.492,115.734,46.5386,72.2573
133.492,112.06,46.5386,72.2573
127.5,104.25,57,88.5
127.5,102.75,57,88.5
127.5,104.25,57,88.5
127.5,101.25,57,88.5
127.5,101.25,57,88.5
127.5,102.75,57,88.5
127.5,101.25,57,88.5
127.5,102.75,57,88.5
126,104.25,57,88.5
126,104.25,57,88.5
126,101.25,57,88.5
124.5,101.25,57,88.5
124.5,102.75,57,88.5
124.5,101.25,57,88.5
126,102.75,57,88.5
126,102.75,57,88.5
127.5,101.25,57,88.5
130.5,102.75,57,88.5
127.5,102.75,57,88.5
129,102.75,57,88.5
129,102.75,57,88.5
127.5,104.25,57,88.5
127.5,102.75,57,88.5
126,104.25,57,88.5
124.5,104.25,57,88.5
121.5,105.75,57,88.5
126.144,114.509,46.5386,72.2573
126.144,116.959,46.5386,72.2573
123.695,114.509,46.5386,72.2573
120.021,114.509,46.5386,72.2573
118.796,110.835,46.5386,72.2573
120.021,110.835,46.5386,72.2573
121.245,112.06,46.5386,72.2573
123.695,112.06,46.5386,72.2573
127.369,112.06,46.5386,72.2573
129.818,113.285,46.5386,72.2573
133.492,113.285,46.5386,72.2573
135.942,114.509,46.5386,72.2573
139.616,114.509,46.5386,72.2573
146,120.5,38,59
138.391,118.184,46.5386,72.2573
135.942,118.184,46.5386,72.2573
134.717,116.959,46.5386,72.2573
127.5,110.25,57,88.5
126,110.25,57,88.5
123,114.75,57,88.5
129.818,125.532,46.5386,72.2573
129.818,124.307,46.5386,72.2573
131.043,123.082,46.5386,72.2573
132.268,123.082,46.5386,72.2573
126,114.75,57,88.5
126,110.25,57,88.5
124.5,110.25,57,88.5
120,110.25,57,88.5
118.5,110.25,57,88.5
118.5,104.25,57,88.5
121.5,96.75,57,88.5
124.5,87.75,57,88.5
126,78.75,57,88.5
126,71.25,57,88.5
123,65.25,57,88.5
121.5,62.25,57,88.5
114,63.75,57,88.5
105,68.25,57,88.5
99.2007,86.3413,46.5386,72.2573
90.6278,99.813,46.5386,72.2573
85.729,114.509,46.5386,72.2573
84,120.75,57,88.5
88.5,131.25,57,88.5
99,141.75,57,88.5
116.346,157.374,46.5386,72.2573
128.594,163.497,46.5386,72.2573
144,172.5,38,59
153,175.5,38,59
157,174.5,38,59
158,168.5,38,59
160,158.5,38,59
156,150.5,38,59
153,141.5,38,59
150,132.5,38,59
145,125.5,38,59
138,119.5,38,59
129,116.5,38,59
120,115.5,38,59
112,117.5,38,59
111.044,126.149,31.027,48.1735
110.228,130.232,31.027,48.1735
113.493,131.048,31.027,48.1735
117.576,132.681,31.027,48.1735
120.842,135.131,31.027,48.1735
127.374,134.314,31.027,48.1735
133.906,131.865,31.027,48.1735
138.805,129.415,31.027,48.1735
143.704,126.149,31.027,48.1735
146.154,123.7,31.027,48.1735
150.742,124.396,25.346,39.353
151.409,123.729,25.346,39.353
150.742,121.728,25.346,39.353
149.408,119.06,25.346,39.353
146.74,117.059,25.346,39.353
142.738,115.057,25.346,39.353
137.402,115.725,25.346,39.353
133.4,119.06,25.346,39.353
132.733,121.728,25.346,39.353
133.4,126.396,25.346,39.353
134.067,130.398,25.346,39.353
134.734,132.4,25.346,39.353
135.401,131.732,25.346,39.353
136.735,129.064,25.346,39.353
138.069,127.063,25.346,39.353
138.736,126.396,25.346,39.353
137.402,125.063,25.346,39.353
135.401,122.395,25.346,39.353
133.4,119.06,25.346,39.353
132.733,118.393,25.346,39.353
132.733,118.393,25.346,39.353
132.066,119.06,25.346,39.353
131.399,119.06,25.346,39.353
130.732,117.726,25.346,39.353
133.4,115.725,25.346,39.353
132.733,115.057,25.346,39.353
130.732,114.39,25.346,39.353
129.398,115.057,25.346,39.353
129.398,115.725,25.346,39.353
128.731,117.059,25.346,39.353
126.73,118.393,25.346,39.353
126.063,119.06,25.346,39.353
125.396,122.395,25.346,39.353
127.397,122.395,25.346,39.353
126.73,131.066,25.346,39.353
127.397,132.4,25.346,39.353
128.731,133.734,25.346,39.353
128.731,133.734,25.346,39.353
126.73,131.732,25.346,39.353
121.659,126.149,31.027,48.1735
119.209,124.516,31.027,48.1735
111,118.5,38,59
106,116.5,38,59
102,109.5,38,59
97,101.5,38,59
97.98,100.021,31.027,48.1735
102.718,99.0495,25.346,39.353
103.385,94.3805,25.346,39.353
108.721,91.0455,25.346,39.353
118.059,90.3785,25.346,39.353
126.73,92.3795,25.346,39.353
131.399,95.0475,25.346,39.353
132.733,95.7145,25.346,39.353
134.734,97.7155,25.346,39.353
137.402,98.3825,25.346,39.353
136.735,102.384,25.346,39.353
137.402,105.719,25.346,39.353
138.736,109.054,25.346,39.353
138.736,112.389,25.346,39.353
138.736,113.723,25.346,39.353
138.736,115.725,25.346,39.353
138.736,117.059,25.346,39.353
138.736,118.393,25.346,39.353
136.068,121.061,25.346,39.353
136.068,119.727,25.346,39.353
130.64,116.351,31.027,48.1735
129.824,118.801,31.027,48.1735
130.64,120.434,31.027,48.1735
132.273,122.067,31.027,48.1735
137.172,120.434,31.027,48.1735
140.438,119.617,31.027,48.1735
145.337,118.801,31.027,48.1735
150.236,117.168,31.027,48.1735
153.502,118.801,31.027,48.1735
151.869,124.516,31.027,48.1735
151.869,122.883,31.027,48.1735
151.053,123.7,31.027,48.1735
151.869,122.067,31.027,48.1735
149,112.5,38,59
151,112.5,38,59
151,112.5,38,59
151,111.5,38,59
153,112.5,38,59
153,111.5,38,59
156,110.5,38,59
162,110.5,38,59
167,112.5,38,59
171,113.5,38,59
175,116.5,38,59
180,119.5,38,59
189.428,128.599,31.027,48.1735
195.144,130.232,31.027,48.1735
199.226,135.947,31.027,48.1735
200.859,135.947,31.027,48.1735
195,130.5,38,59
195,130.5,38,59
195,126.5,38,59
192.278,115.734,46.5386,72.2573
192.278,113.285,46.5386,72.2573
194.727,104.712,46.5386,72.2573
194.727,94.9142,46.5386,72.2573
194.727,83.8919,46.5386,72.2573
192.278,74.0943,46.5386,72.2573
191.053,69.1955,46.5386,72.2573
189.828,60.6226,46.5386,72.2573
188.604,53.2744,46.5386,72.2573
188.604,47.1509,46.5386,72.2573
187.379,39.8027,46.5386,72.2573
182.48,36.1286,46.5386,72.2573
171,24.75,57,88.5
163.5,23.25,57,88.5
153,20.25,57,88.5
139.5,17.25,57,88.5
121.5,20.25,57,88.5
100.5,32.25,57,88.5
84,32.25,57,88.5
72.2573,44.7015,46.5386,72.2573
61.235,48.3756,46.5386,72.2573
52.6621,53.2744,46.5386,72.2573
47.7633,59.3979,46.5386,72.2573
45.3139,65.5214,46.5386,72.2573
45.3139,71.6449,46.5386,72.2573
48.988,76.5437,46.5386,72.2573
51.4374,80.2178,46.5386,72.2573
60,92.5,38,59
64,95.5,38,59
69,96.5,38,59
78.384,101.654,31.027,48.1735
83.283,101.654,31.027,48.1735
87.3655,102.471,31.027,48.1735
91.448,103.287,31.027,48.1735
98.716,110.388,25.346,39.353
102.051,113.723,25.346,39.353
105.386,119.06,25.346,39.353
109.388,123.729,25.346,39.353
114.057,127.063,25.346,39.353
119.393,127.73,25.346,39.353
123.395,127.73,25.346,39.353
124.062,128.397,25.346,39.353
124.729,127.063,25.346,39.353
125.396,125.729,25.346,39.353
126.063,124.396,25.346,39.353
126.063,122.395,25.346,39.353
125.396,121.061,25.346,39.353
124.062,119.06,25.346,39.353
123.395,117.059,25.346,39.353
122.061,114.39,25.346,39.353
121.394,111.722,25.346,39.353
120.727,109.721,25.346,39.353
120.06,107.72,25.346,39.353
120.727,107.053,25.346,39.353
121.394,107.053,25.346,39.353
122.061,106.386,25.346,39.353
123.395,105.719,25.346,39.353
124.729,103.718,25.346,39.353
125.396,103.051,25.346,39.353
126.73,103.051,25.346,39.353
127.397,103.718,25.346,39.353
128.731,103.718,25.346,39.353
128.731,105.719,25.346,39.353
130.065,107.053,25.346,39.353
132.066,106.386,25.346,39.353
134.067,106.386,25.346,39.353
136.068,104.385,25.346,39.353
136.735,102.384,25.346,39.353
136.068,100.383,25.346,39.353
134.067,99.7165,25.346,39.353
131.399,99.0495,25.346,39.353
127.397,100.383,25.346,39.353
124.729,101.05,25.346,39.353
122.728,103.051,25.346,39.353
120.727,107.053,25.346,39.353
118.726,111.055,25.346,39.353
118.059,115.725,25.346,39.353
118.726,121.061,25.346,39.353
119.393,125.729,25.346,39.353
120.727,131.066,25.346,39.353
122.061,134.4,25.346,39.353
120.842,131.865,31.027,48.1735
123.292,134.314,31.027,48.1735
124.924,135.131,31.027,48.1735
125.741,135.947,31.027,48.1735
126.558,135.947,31.027,48.1735
126.558,133.498,31.027,48.1735
123,124.5,38,59
121,123.5,38,59
117,124.5,38,59
115,125.5,38,59
115,124.5,38,59
113,125.5,38,59
108.998,116.959,46.5386,72.2573
107.774,119.408,46.5386,72.2573
107.774,121.858,46.5386,72.2573
107.774,124.307,46.5386,72.2573
107.774,125.532,46.5386,72.2573
107.774,127.981,46.5386,72.2573
110.223,127.981,46.5386,72.2573
112.672,129.206,46.5386,72.2573
113.897,129.206,46.5386,72.2573
112.672,125.532,46.5386,72.2573
111.448,125.532,46.5386,72.2573
113.897,125.532,46.5386,72.2573
112.672,125.532,46.5386,72.2573
113.897,121.858,46.5386,72.2573
116.346,123.082,46.5386,72.2573
121.245,125.532,46.5386,72.2573
122.47,127.981,46.5386,72.2573
124.919,129.206,46.5386,72.2573
127.369,131.655,46.5386,72.2573
129.818,134.105,46.5386,72.2573
132.268,136.554,46.5386,72.2573
132.268,139.003,46.5386,72.2573
138,152.5,38,59
140,153.5,38,59
140,153.5,38,59
141,150.5,38,59
142,150.5,38,59
142,149.5,38,59
142,148.5,38,59
